step,deepseek1.5b_sync_8gpu_sigfrac_cfixed_lr1.25e-5_alpha_shuffled_seed1-actor/g_A1_dot_A2_step,deepseek1.5b_sync_8gpu_sigfrac_cfixed_lr1.25e-5_alpha_shuffled_seed0-actor/g_A1_dot_A2_step,deepseek1.5b_sync_8gpu_sigfrac_cfixed_lr1.25e-5_alpha_shuffled_seed42-actor/g_A1_dot_A2_step,deepseek1.5b_sync_8gpu_matched_alpha_3.10e-6_seed1-actor/g_A1_dot_A2_step,deepseek1.5b_sync_8gpu_matched_alpha_3.10e-6_seed0-actor/g_A1_dot_A2_step,deepseek1.5b_sync_8gpu_matched_alpha_3.10e-6_seed42-actor/g_A1_dot_A2_step
1,3.892780698511884e-05,1.0961715212102618e-05,6.524343861242e-05,0.00016358368893312091,0.00014073640539859263,0.00010542558243199082
2,5.714176089610828e-05,5.057417630045487e-05,0.00014765311487292495,5.703452582963091e-06,9.45592288906421e-05,7.806271543934716e-05
3,9.009812957785966e-05,1.7006044673993667e-05,2.7004905984285363e-05,-4.2540676956877356e-06,0.00011258913675663858,-6.3963804220775406e-06
4,5.196219150488917e-05,2.696843178434515e-05,4.4454684537919674e-05,7.644292831779164e-05,4.639169772401017e-05,-2.5145055717234097e-05
5,6.160802261927025e-05,3.9851672092845186e-05,4.5244312163277326e-05,0.0001285798871161477,8.986897303409469e-05,-1.6772676026294702e-05
6,0.00013043211619697838,-2.6587322137832897e-05,3.607996676709602e-05,3.457764488527106e-05,3.4548284864736483e-05,0.00014121152542284973
7,5.112981665205353e-05,0.00013776924473106003,0.0001281943633786695,0.00014549716297702404,3.5690856747491547e-08,-0.0001018472592538756
8,3.102071706258273e-05,-1.5680723815054218e-05,0.00018481310773468032,3.364645504417968e-05,6.928864351807488e-06,0.00018516542868856576
9,-4.1833826402052696e-05,0.00017589360340756,-2.6432647388997384e-05,0.0001560151055598292,0.00014072778561336166,5.1513430482205526e-06
10,-1.2587214547060847e-05,-6.712922230816649e-05,0.00013004498445003086,7.34928381764569e-05,7.401734885638267e-05,8.019916231821052e-06
11,-2.6171277460535227e-06,0.0001435558716586285,7.147748504731603e-05,6.978892578753061e-05,2.5514288546682987e-05,3.0355277155729112e-05
12,-0.0001916560481660741,9.32606585039758e-06,0.00022088312596097224,-6.389407179030279e-07,8.213283613672898e-05,3.620874040345536e-05
13,5.092096486007893e-05,1.2941110107502797e-06,6.302600055246945e-05,5.155118634088145e-05,6.968147000107441e-05,0.00013719527958438695
14,-3.837695717909194e-06,0.0002904829701449251,9.258498313688032e-05,5.770430025128815e-05,-8.122752003956961e-05,5.215379944394659e-05
15,-3.086888507554481e-05,-8.480632211559673e-05,0.00014229272432981526,2.2096420336911555e-05,0.00010657052733337904,-1.6968141742112436e-05
16,8.54934056546508e-05,0.00013778410216195731,0.00028762179863924594,0.00016876960319335207,-2.6448457718383887e-05,0.0002143283235120122
17,-3.641494751398454e-05,-5.3499226180297294e-05,-9.017405629738374e-05,-2.354940382065837e-05,0.00011036314592266876,5.732194415072696e-05
18,-0.0001796119940805145,-6.79090129153627e-05,-0.00011944290987950178,6.980803036601587e-05,-0.00013300478217001137,6.074768019499069e-05
19,-3.269728032066657e-05,8.432593710886076e-05,0.0003179134690884678,8.920437191139561e-05,5.552527730688372e-05,-2.528787258651979e-05
20,-7.857770066894931e-05,-8.675422873632306e-05,-4.9500799767006246e-05,-2.3647641067781673e-05,-4.939267370954325e-05,0.00011348491101642532
21,0.0001008566866011122,-0.00016371873337586726,-0.00025359670460700184,-0.00010961910218349056,-6.412218716487214e-05,2.117761514327884e-05
22,4.924395748384187e-05,0.00010144099166479363,0.00020361081807281631,-4.096010871266257e-05,1.9239718518305655e-05,0.00016445140309372864
23,0.00012861085616609115,-0.0003114024556048755,-0.0003419941956794073,0.00017466132024176643,-4.869273630114715e-05,3.611452293851062e-06
24,9.181704213256464e-05,2.937475106066501e-05,0.00013901296559842984,7.474278291819798e-08,1.765408323941153e-05,0.0002129495170934632
25,-8.542382038100786e-05,2.1289324013614342e-06,0.0001818928050431361,-5.60093769554283e-05,-0.0001357885959108714,-2.2706707621618215e-05
26,-0.00011007479920098424,-5.666902265141712e-05,-6.082808882349635e-05,-6.915531414943442e-05,3.29699413114947e-05,-0.00017603673732691048
27,-9.728273550880784e-05,0.00014061574239725028,0.0001360983592947247,-5.12097999252136e-05,1.5121238696327418e-05,6.597982063160005e-05
28,8.091247087282523e-05,-3.446144217584107e-05,-8.374988724600736e-06,9.404574790112916e-05,-0.0001304829684981712,0.00020687149491546667
29,4.46595314747075e-05,-0.0001903868499558361,-0.000340495259211816,-0.00012519756774410725,9.681724807735362e-06,-3.751327842760859e-05
30,-8.068005495628355e-05,0.00023976253811133376,-8.417504963567242e-05,-0.00013662039792554644,2.512565702618287e-05,3.587068234932944e-05
31,-2.649940871931196e-05,-4.299608741800536e-05,0.00011768294396815638,6.491703808366715e-05,-7.856661501715861e-05,0.00015765269063617175
32,2.790375011835677e-05,6.955930284289216e-05,2.3520494519228577e-05,4.205536619770696e-05,5.8065785917644746e-05,4.878300792440008e-05
33,4.809133976525212e-06,1.0414649078152548e-05,6.628072100429148e-05,-4.809919774054767e-06,-6.612301051250477e-05,-1.7656630492271593e-05
34,2.183744461895721e-05,0.0002757936121996134,-0.000217800093377874,0.00012786935639747115,-5.996712162310056e-05,-2.8638115984279065e-05
35,-2.8820890600616023e-05,-0.00022883736668021448,0.00028477412215117807,-8.504226161174408e-05,7.461234604235715e-05,-6.658584394166887e-05
36,2.1154510154187165e-05,5.0112632437807315e-05,2.6249009066844313e-05,-0.00031055609453063026,-3.63925265489284e-05,5.9227044984101385e-05
37,0.000111383799283516,-3.746434019687952e-05,8.417354582733336e-05,4.7082668479128864e-05,-0.00017400158195550694,7.195173622312117e-05
38,-0.0001548743320946306,-1.7485286343905648e-05,0.00024779934102267786,-8.04349435246448e-05,-4.3471583365755765e-05,5.014535187511569e-05
39,-1.332013053723877e-05,-2.7115396959940105e-05,0.00023034412997729396,2.1354061031667105e-05,-9.1505674562512e-05,3.095626904245479e-05
40,-1.1078008137662176e-06,-0.0001472097186039069,-0.00023131141528719983,9.378167552449756e-05,-0.00012082194744596856,1.2369334841907171e-05
41,9.184114504498103e-05,-8.780005356054978e-06,-6.273467592588855e-08,9.983651298351828e-05,2.4683174808525495e-05,6.089325777815381e-05
42,8.69418402816333e-05,-5.201175799032211e-05,0.0003637722244179379,-4.112746436100846e-05,-0.00023595822725664856,-6.92142000373151e-05
43,7.400928000391043e-05,2.4154526386207435e-05,0.0003860373381547352,-4.8580072296189176e-05,-0.00022241215351931037,-6.703390048013977e-05
44,-6.410463971179833e-05,-0.00012304290717399355,0.00020657119205287584,-0.00013763779854722116,2.338807417498237e-05,9.851277895877215e-05
45,6.964488214176428e-05,1.2871728015695989e-05,-0.00016243700353044065,3.6354538342608815e-07,7.787248899175502e-05,-4.051115340347943e-05
46,-9.31517467099345e-06,9.69504512789344e-05,-5.492924148372562e-05,-0.000389429374662596,0.00020761067420933303,-2.2438377397236052e-05
47,-0.00021116580735939313,0.00021901706702979565,0.00012082420771929913,-4.257340296154501e-05,0.00010847538281148712,0.0002787430438552413
48,5.8283215402441175e-05,-3.082164220510155e-05,0.00013571771174321245,0.00020248834587528817,4.1684504723276976e-05,0.00018757599995600753
49,0.00014470284320909334,7.116117295193871e-06,-4.2330729435444646e-05,3.2314671517578024e-05,-0.00010021764198787782,5.0872011817465724e-06
50,-8.057303060378816e-05,-3.4890918808627075e-05,-6.71014990667176e-05,8.246279662357621e-05,-0.0001886530856921389,-7.15931913852068e-05
51,7.571647792417065e-05,6.39614063260094e-05,-1.185018896702712e-05,-4.187574104034077e-06,-2.9218656778017185e-05,7.764301247151917e-05
52,-4.0335790970974237e-07,-1.79044415666297e-05,9.817611161603042e-07,4.924807353474459e-05,-0.0001092686833941608,8.528654010594786e-06
53,-5.598386242178934e-06,-2.44822431700622e-05,0.00019568363549691504,7.814007431479555e-05,-7.345748988274018e-05,-0.00018514362795699177
54,2.2101472312360487e-05,0.00013517578957050893,-0.00018519402226859543,7.471910655155996e-05,-0.0002104051193981299,-0.0002265376559599606
55,-0.00013005824675443433,-4.71267106467443e-05,0.00011194365278678027,-9.65938327294487e-06,1.9280907063337857e-05,3.3968558111650005e-05
56,2.425353578830558e-06,-1.9036414600332404e-05,4.329484473173379e-05,-8.08390964998242e-05,-5.351478235462871e-05,4.514322704748853e-05
57,-2.414506949170574e-05,5.1801130191631755e-05,9.91579856519964e-05,7.380122273170354e-05,2.533072346463836e-05,0.00014617997074351115
58,0.00022357528538355392,4.30027335532336e-05,0.00012861346654446595,9.04365869065633e-05,-4.961003881829399e-05,-7.475333821665494e-05
59,4.7828114231758584e-05,1.185120446148167e-06,-2.751795046044263e-05,-9.067662458815231e-05,-0.0001649484164032945,8.141059934834113e-05
60,2.3320922630182253e-05,0.0001969530901578774,3.687069591803525e-05,0.00011309473748303754,-7.872693577886278e-06,-6.651834842824923e-05
61,5.619330721988741e-05,5.4740540176862265e-06,-0.0001998516764496523,-2.309484454667488e-05,-4.586363922030972e-05,-5.708178870033085e-05
62,-0.0001404126022598526,4.911147557174053e-05,-9.105728862929867e-06,4.250659680364974e-05,4.933606261048471e-06,-1.0825456453380172e-05
63,0.0001107435861393159,-1.2738410954705648e-05,3.2315826927361064e-05,-7.159526210108985e-05,9.11087362456692e-05,7.167781895475446e-05
64,-1.7384025408445169e-06,7.942571354329222e-05,0.0001953895795548187,0.00010296547746269788,-8.872987148755043e-05,-3.391379269528187e-05
65,6.216174189870255e-05,-6.918293691132027e-08,-3.510012373893274e-05,0.0002419000083374808,-1.8847629715158264e-05,2.8271497633641465e-05
66,-1.0536343798039334e-05,1.2481871552497456e-05,0.00014616181375369232,-0.0001474977362914808,0.00010036167906927822,-4.069339569565606e-05
67,0.00011178146860003348,2.464671128894551e-05,-4.670658086473866e-05,8.476219215468133e-05,9.229014388119998e-05,-6.875373780134261e-08
68,9.567522562161705e-05,-0.00011966695552821288,-3.839400085074242e-05,2.6540692024529393e-05,-1.3965871063283514e-05,-3.021561564786579e-05
69,0.00012015261132231708,-0.00012436918927118194,-2.737868995173716e-05,-6.77337400295761e-05,-8.925399915031044e-05,-4.345287686155028e-05
70,0.0002001692473630553,-5.8535595329689545e-05,-1.3292922249387025e-05,0.00013301007044765476,1.5712098804836377e-05,2.283160163739789e-05
71,0.00015036874547434022,-9.983349349163885e-06,-0.000186353641501232,1.7736399664931606e-05,1.7310172783518025e-05,7.784535262600009e-05
72,-0.0001019318495461644,-3.063333540300785e-05,-0.00014689080216415996,-8.11923958068589e-05,-0.00020195736648001336,9.772584062378582e-05
73,6.451565677378857e-05,-3.442126382284377e-05,-0.0002602980623161226,-4.1084100808557514e-05,1.5392260237962636e-05,-4.3329006131914954e-05
74,6.0488945625432106e-05,-5.808539724980264e-06,-8.023601754448712e-07,6.240010319892044e-07,-0.0001025209187867676,-1.1732359070038489e-05
75,5.9572875784849865e-05,-6.997555493833413e-05,-7.305393769471642e-05,6.601486987940059e-05,-0.00011070044982321056,0.00013377455937025468
76,8.288295512402904e-05,-5.6768041172806995e-05,-8.671176877451593e-05,-2.3818546463261033e-05,5.642529363745756e-05,-0.0001304948285557338
77,-5.415751523458163e-05,7.764537341995742e-05,-0.0003058507335534416,-3.7648275807774944e-05,4.952955977632565e-06,-2.2508644083920725e-05
78,0.00014566223495070713,-4.624504516280912e-05,-0.00015144666204965125,-1.5431556911352167e-05,-3.216207040433328e-05,-2.564065137872956e-05
79,-7.548120394607578e-05,0.00011467133339800023,-0.0001244587828517661,0.00010274661881356652,0.000248141895922843,-0.00014077644414832511
80,6.525380606451016e-05,0.00010763724499234038,0.00020034254751734047,6.222635905453484e-05,-5.687253158683184e-05,-1.245189405839119e-06
81,-4.459896830618571e-06,-7.761050143281543e-05,0.0005932740814800757,-0.00010059377825783166,0.00013304495590187805,0.00023638306468349283
82,8.70121663004347e-06,-3.0520722960572815e-05,0.00016461933041170797,0.00013957422269111818,4.9612321896508565e-05,-5.51029428918402e-06
83,0.00019026041812564092,-0.00011988189637464768,0.0001940497054364374,-0.0002488940921478138,8.274907113051821e-05,4.563574644230123e-05
84,7.623480189209323e-05,-1.1834780241889016e-05,-5.101835990266517e-05,-2.0231830457358212e-05,1.4754414154075556e-05,-0.00018653114805382355
85,8.712864383621406e-06,0.0001057436634995378,-0.00023131394286485707,1.7240788504412345e-05,0.00015822107522910737,-0.00011833958256515607
86,-2.0424795643343144e-05,-9.394475982770314e-05,5.085510627447297e-05,6.429124999332494e-07,2.428780285208802e-05,-1.8676674095199435e-05
87,-2.572756251413233e-05,9.054350198477147e-06,-0.0001456696944694865,7.002431915619132e-06,-1.0707006869669526e-05,-6.138018452897592e-05
88,-6.733982728100706e-05,-0.00012554016236693876,-0.0004733637516071681,1.6606634907016183e-05,9.233673968738126e-05,-2.3776362818336353e-05
89,9.096862490804044e-05,-5.6717752697623335e-06,-2.0120266459286527e-05,-3.2399871266437156e-05,-7.32603724834543e-05,3.939865434604062e-05
90,-5.356863937251601e-05,-3.2902366480264075e-05,0.00016888035790493398,-0.00013711221972099205,-1.3587151168243253e-06,-2.7994752829475716e-05
91,7.102737335864178e-05,4.021017499460637e-05,0.0002586705097368008,-0.00011348909014951282,-6.0763608997376177e-05,-5.544183332731303e-05
92,9.695995031240631e-05,-1.4299948351582104e-05,8.759054581717953e-05,6.035754470309241e-05,0.00013474133225029015,3.935511012614764e-05
93,0.000147748322834261,3.064691072565645e-06,0.00019286310036996284,-1.046628950338427e-05,-2.6656013415247022e-06,8.993548032835379e-05
94,6.648548747351033e-05,-0.000135811415746691,-0.0003587318952373708,1.0729330638574196e-05,8.703547860762862e-05,0.00019147482720062347
95,6.649179867921053e-05,-9.675276243767884e-05,-1.8095519015530168e-05,-0.00018405775519733563,-9.631820799301136e-05,7.925067466426555e-05
96,1.4719067320421194e-05,2.419770837742719e-05,1.2496298790713896e-05,3.4161857118886866e-05,-7.958670290227606e-05,1.6244958003408707e-05
97,-8.521930058166024e-06,-0.00010428646056445968,9.441656485100854e-05,-0.00023611378565351336,0.0002702628671476421,-0.00016161884280450087
98,7.2904949010566664e-06,3.192105356509412e-05,0.00013027989974139504,2.055917260276894e-05,0.00014748913983945788,2.5113334481922223e-05
99,-6.506199194545649e-05,5.905252623451927e-05,-3.0491330638704624e-05,6.457005714777256e-05,7.555124547076886e-05,-5.709845905186429e-05
100,8.495136824840721e-05,5.15023147347688e-05,3.3337084555994215e-05,-3.120096455966435e-05,3.083229673386295e-05,-0.00014375699802128192
101,-8.596749615492366e-05,0.0001013416371565438,-4.514838068881579e-05,0.00018691551707704964,2.0612744434947817e-05,-7.545123603990916e-05
102,3.2801146877789526e-05,2.2468885736381503e-05,0.0002762558704640597,-8.271076294227777e-05,9.032726710097426e-05,-0.00011518865552038082
103,7.553551088778225e-05,5.6609100243011936e-05,-8.717765593304288e-05,-2.4149818635303702e-05,5.287608373891231e-05,-0.00015758170792820586
104,-4.731450531297948e-05,0.00027255416786644697,-0.00025101843248966543,-2.634610578839944e-05,5.892608321838565e-05,0.000172241357969628
105,-4.998438435086009e-05,2.305319752165836e-05,0.0002689205876334895,7.471286066990412e-06,-3.8604231895976385e-05,-0.0001896219993261
106,7.975326392199588e-05,0.00014351776165303208,7.912912219998935e-05,8.485716016446234e-05,1.7929672252544095e-05,3.320291274382907e-05
107,8.823634621765288e-05,3.622881739443884e-05,0.0001260231152962787,9.277140755296236e-05,3.1961040123471665e-05,-5.079639301111022e-05
108,0.0001004653888058198,7.06926251896844e-07,-0.0004569121744609326,5.416413981729037e-05,-0.00010832542883930642,-0.00017137606123495872
109,-8.985957089806224e-05,-4.5479172212534275e-05,2.2790588564448647e-05,2.2852750312330825e-05,-0.00022845135155867948,-3.2247312659518215e-05
110,9.556910478010044e-05,-8.400767809187124e-05,0.00018624179110474708,-3.718872121634653e-05,0.00029097400018590185,6.573630583916254e-05
111,-6.494939133955523e-05,-0.0003277151442607326,-0.00019077186897923103,0.00015934355946427484,9.6370321831198e-05,7.975205753444138e-05
112,8.646098809786775e-05,3.2854146721692515e-05,-0.00028768403478790353,-5.7611425383874346e-05,-3.300917325950929e-05,-6.888869067921363e-05
113,-9.565632977578152e-05,0.0001235285472133546,6.921756721440968e-05,6.359618149542299e-05,0.00017654459129668685,-0.00017742132950436643
114,7.78690812623326e-05,2.1265051077121018e-06,8.536343330424141e-05,-6.325678086854698e-05,-1.9418376615187173e-05,-6.578858106937949e-05
115,0.00011365254701400766,-2.3319804006634583e-05,0.00014523507622762346,5.771930209343054e-05,9.25539249244746e-05,-0.00015746395257268267
116,-9.598225671710552e-05,6.879030692207227e-05,0.00018041324835495412,-0.00017387133708870708,0.0002650525109057709,2.706112228158411e-05
117,-7.315383889785436e-05,5.036316062905519e-05,-0.0003965197676142416,5.663636804981048e-05,0.00019372087390103697,2.342622863738069e-05
118,1.8046607494550347e-05,-0.00010271747306378832,-0.0003279408392022491,0.00010953937093746992,0.00020387812725571552,-0.00012742865025510856
119,-0.0001114116885604136,-8.481884782204919e-05,-5.266950397990742e-05,2.361328274950794e-05,0.00018359778176908528,0.00011550686545897868
120,0.00014993921191546535,7.01639022791457e-05,-6.719990271510244e-05,-3.203041826607683e-05,7.627357739110531e-05,0.00011314087889992315
121,-4.268756958709125e-05,-4.893010952803793e-06,-2.492232270950257e-05,-5.488264328804071e-05,6.505124215876069e-06,5.694739131816215e-05
122,-1.7219178724363164e-06,4.854580356209793e-05,4.239990152449823e-05,-9.416760304853776e-05,-1.303718489801794e-05,-0.00010383453350427289
123,4.036502539758083e-05,2.7178336242499975e-05,-3.1756416402961155e-06,0.00019602878079726845,0.00010212772539859294,1.2935918443636391e-05
124,9.94487614160778e-05,-1.639547897585338e-05,3.0158123528437735e-05,9.691245486308215e-06,4.5484801577650515e-05,-2.757219839964372e-05
125,-0.0001855714944395239,-2.1549038015682473e-05,2.424253571470179e-05,6.558270204428731e-05,-5.6061705994271715e-05,0.00011437881864919506
126,9.778322824503948e-05,2.3323907784599648e-05,0.00018297318239283823,3.285013877100234e-05,-4.0090287398329206e-05,6.059478687488682e-05
127,-0.00013149646855201478,-0.00010507526304618956,0.00015544163253854002,-4.365551147022974e-05,3.995745713690427e-05,-0.00016149912783744097
128,-8.092738137928578e-05,3.641295376526687e-05,1.6526424468909278e-05,0.00013510462390353445,-0.00015408494064372293,0.0003272576944166717
129,3.3238606807104275e-05,-5.213263886791171e-05,0.0001574802150813219,8.605169658325102e-05,-5.388590129598948e-05,-7.427836433810169e-05
130,0.00010637259551785976,-0.00013444615059020337,-0.00013587813237503802,-0.0001694020780303992,0.00012841160645432276,-3.390676089231916e-05
131,1.735050639075445e-05,-2.058848494642244e-05,0.00012236848798341198,6.421125639620381e-05,2.700378036386523e-05,6.439662775311423e-05
132,-0.00021151244446080013,-2.1512648709262567e-06,-0.00013405116747983395,1.831116794107128e-05,-8.838913209761394e-06,0.00010727601387019902
133,0.00015083559916720976,3.688832744035294e-05,-0.00019019721027696763,6.575348161569076e-05,-4.025579424160546e-05,7.438442755552951e-05
134,5.31135509629062e-05,-4.190068435906923e-05,-0.0007223132147989138,-7.393589917330496e-05,8.869512902353421e-05,9.89976752584494e-05
135,0.00010874005215979109,-6.690303496448532e-05,0.00028877587766231903,-9.857158514164314e-05,0.00010026854218988068,-1.8900699654302873e-05
136,1.2369201803973973e-05,-3.373802422087089e-05,-0.0002089347455375959,-3.880959956115879e-05,-3.364519417995828e-05,-3.430041132796185e-05
137,-9.027278514880471e-05,-1.3592805302052335e-05,0.00020951047564216809,8.990231445545655e-05,0.0001809488348883109,-7.576456821866799e-05
138,0.00011077115356462868,-1.3640844048976848e-05,0.00017107667672993713,2.51546731652813e-05,-8.524610825018836e-05,0.0001335030928416017
139,5.617959745440313e-05,1.6543299480755838e-05,0.00016901980003037137,7.50747402392679e-05,4.155305598219924e-06,-2.0251119054713647e-06
140,-1.4001324840750062e-05,-5.1261507836389575e-05,-0.00010000454889272096,4.4362580378721034e-05,6.048020889266079e-05,-0.0001230164129977229
141,-2.2723260724215873e-06,3.116654505915613e-05,-3.92408940378516e-05,8.213447596093315e-06,-0.0001178015669430362,0.00019251909983605104
142,-6.348595071365357e-06,0.00017409906655127945,0.00021006640378665384,6.159846363360242e-05,-0.0002451675658789313,7.478254514849792e-05
143,3.965548099469758e-05,-2.498443706134896e-05,1.74553510169782e-05,-9.208112104372404e-05,4.341196796223669e-05,8.608760512133973e-05
144,3.520444811601409e-05,2.293474637869799e-05,-0.0002582653625453444,6.969743118394968e-05,-8.046873673991343e-06,-0.00011322833971290568
145,-5.579929281413218e-05,-6.797231007207272e-05,5.766629569832391e-05,-1.6471869543964853e-05,9.39026250373717e-05,5.481126760340337e-05
146,0.00011211982047983768,6.35471996326843e-05,-0.0001289242628958569,-5.767585603650493e-05,0.00023413923032444115,9.6968171713909e-05
147,-3.093250208259505e-05,-7.549300657367389e-06,-0.0003961465086122895,-7.710137620674456e-05,-0.000103055607706511,4.2757929857767984e-05
148,1.2837878479653047e-06,-4.339798749076829e-05,-8.145954939032727e-05,0.00011707119256622134,-2.605698183587133e-05,8.219590146118143e-05
149,-2.190322425499852e-05,-1.5984350541728895e-05,0.00019997084858580535,-5.737593996747374e-05,5.928690829716884e-05,-0.00010162460991782648
150,-0.00020593473933096612,5.207149507326419e-05,-2.80973183086153e-05,-3.2582539209693525e-05,-3.1389688022338084e-05,0.0001959087787296583
151,5.243837772365547e-05,2.381366294170883e-05,0.00013295502169449722,-3.145011462982117e-05,-9.691381919158411e-05,-1.871509498929268e-05
152,-0.00015726075940826622,5.044523418046731e-05,0.0002537397122447419,6.59743650693191e-07,0.00014596039315953752,1.2083054532240476e-05
153,-8.837455469055976e-05,2.112411130699642e-05,-0.000148368684947384,4.3616901636486e-05,0.00015053601413084878,2.226208775431426e-05
154,-4.1419793519667825e-05,-4.441396591856421e-05,-8.717172349633554e-05,-2.6828164068863047e-05,0.00010622347007036878,-4.501159824181605e-05
155,-7.729317010805609e-05,-7.509620817098425e-05,-0.0001344052414168533,1.3559379292756012e-05,3.131836964671169e-05,3.888449219384297e-06
156,7.053279972216303e-05,1.329122826978234e-05,-5.840314288048082e-05,6.094338631649266e-05,-3.6242532345309215e-05,-8.073463248704038e-05
157,2.839987034910755e-05,8.88964695976983e-05,-9.16675870040798e-05,-3.105318339066275e-05,-0.00015201881967322637,-2.578550134205568e-06
158,7.996183794210638e-05,5.4540069708519227e-05,0.00027466718902909146,3.900291470899451e-05,4.340839835091827e-05,5.482348715179323e-06
159,-7.270078681492539e-05,-6.119972093923251e-05,-0.00011743582509740684,-8.742665193896813e-05,-1.3193623224524146e-05,-4.6000689216389235e-05
160,0.0001903456650080925,0.0001473403025487998,6.738276770473053e-05,0.0001257165182063742,3.2091018962904904e-05,-6.228757512917299e-05
161,-5.4821566970926584e-05,-3.8759932585093554e-07,-0.0001662466045072142,9.907468036290112e-05,3.986965265715736e-06,0.00010325820036390877
162,-5.145261983943383e-05,0.00011501676360680196,-0.00022197013108176772,1.079163925976488e-05,-8.508149934112057e-05,-8.43776565392455e-06
163,4.959535890341209e-05,-1.2439002491580524e-05,0.0001206612535807745,4.474505824042043e-06,-5.7645035365839375e-05,1.4780294188786844e-05
164,-2.569045825681044e-05,3.45329484309904e-05,0.000253525572077983,-9.499107246175606e-06,1.769899478769004e-05,-5.242516232003931e-05
165,4.4496715123420545e-05,6.335417557082866e-05,0.0002423833639356435,-9.929219754151732e-05,-2.63433929270491e-05,-5.615244510917535e-05
166,3.738367698689827e-05,4.313616615264876e-05,0.0001522272432596799,2.168272887554202e-05,9.064247693875349e-06,-3.369208879915534e-05
167,-7.458913738717011e-05,-5.953237931011793e-05,2.393483798874427e-05,-0.00021313419535076795,0.0002443813874828189,0.0001256543981337888
168,-3.438521137609167e-05,-6.491381675726729e-06,-9.814449713079836e-05,-7.758779697702313e-05,-0.00012243116252908258,2.691419964180616e-05
169,0.0001684150630497678,6.138390707479966e-05,-0.00022654094633037827,-5.764148366445349e-06,7.075828691545015e-05,-1.1043017944234651e-06
170,-3.0164089200489237e-05,6.521970511884714e-05,-0.0002849364122153741,5.32501134055678e-05,-4.511157419873287e-05,5.984849284503853e-05
171,-6.299332110948038e-05,4.603600371910597e-05,-0.00010837631778691184,2.19540870148989e-05,-4.854669463741713e-05,9.783504423654952e-05
172,6.215401735673377e-05,3.3986768273915477e-05,-8.40311151699306e-05,3.5602409550563536e-05,-2.7547463535575252e-05,-1.3938662452121192e-05
173,-5.8040317000747856e-05,-8.165228703468055e-06,-7.451156162139496e-05,4.979816665968664e-06,5.305588768618822e-05,5.6003558624840944e-05
174,-3.502543619809817e-05,4.833296723132442e-06,-0.0002743660929607113,0.0001546761699430434,-2.999723194961415e-06,6.218483974364491e-05
175,5.2032380147580494e-05,-4.734747372841011e-05,2.9468567686719288e-05,3.650579459459912e-05,-7.028548672026944e-05,3.234487156295724e-05
176,-8.183155285402956e-05,-2.430589720362788e-05,0.00011031972058328104,4.6422529901639106e-05,2.5393413659980817e-05,7.285027445740726e-05
177,-3.235263581589704e-05,-4.6954841009958714e-05,5.1181779244521554e-05,3.838283455614861e-05,-8.31999689338797e-05,-9.868546741210416e-07
178,-1.4165442769982392e-05,1.4857117228210457e-06,8.24499546739013e-05,7.007389207519116e-05,0.00011279144194937922,-1.1590082778981362e-05
179,0.00013160349664272477,-1.0941296928115065e-05,2.5769806826308865e-05,7.440944212877776e-05,0.00011709453095747472,3.8290222219355555e-05
180,-2.074482137521682e-05,4.6375155594976914e-06,0.00016635199446882008,2.067113517170411e-05,1.2654266486673383e-05,3.7149353136082747e-05
181,5.6159922713137846e-05,9.142421629519872e-05,3.99467179465115e-05,-6.995938629961141e-05,7.307462075456622e-05,-0.00017238961843071078
182,-2.552581822373963e-05,4.2719968752733586e-05,4.369092245240005e-05,0.000133564532691478,7.950838969553542e-05,4.687150680187055e-05
183,-7.461770272497285e-05,-2.255192769602168e-05,8.585215580237051e-05,-1.8967507437029343e-05,-4.282935727989765e-05,4.5207470593924305e-05
184,-8.153100431989881e-05,1.5728798172108462e-06,-0.0003760895703467156,2.676109842902323e-05,-7.786828688718013e-06,-4.8423987572962305e-05
185,-0.00021192453320603548,1.3621276608351693e-05,-7.34013165530298e-05,2.9517814196354677e-05,2.242527060838662e-05,-5.7685654463401646e-05
186,-2.4849924231564123e-05,-8.225483871806713e-05,9.329005398797022e-05,-4.627998337940182e-05,-3.928232353786681e-05,-2.71764204160436e-05
187,5.041565338370886e-05,-8.49384887768025e-05,-0.00011798775230592808,-3.081669010282861e-05,-2.370962085892186e-05,-4.197726589283826e-05
188,-4.2469446520566266e-05,-5.748067866045104e-05,4.989483484324898e-05,-8.206842474566326e-05,-2.9003023774393407e-05,0.00010024099155222924
189,-5.3601859616436915e-05,-2.368198722679791e-05,-0.00043979993560317826,-3.4277965080264114e-06,-8.130264585884292e-05,1.5761033398344488e-05
190,-5.256089565648114e-06,-2.6038275907870925e-06,5.306076103370251e-06,5.845290056930388e-05,-8.185703964375685e-05,0.00019296119267882945
191,4.308344609710731e-05,-8.390282652154444e-05,0.0001052451618504586,-7.293856099265909e-05,0.0001845472599813231,-2.839819934553684e-05
192,4.013318267958548e-05,6.385875139853266e-06,0.00018381931239623567,0.0001116714109590308,4.5909579675801975e-06,-4.554974633755254e-06
193,6.042761577597191e-05,6.046595746539885e-06,0.00015518290904124087,-4.7179031588581594e-05,-0.00013921673642441933,-0.00010070070432643568
194,6.995476193415635e-05,4.332072764320129e-05,0.0001804261421761092,-0.00010170459881568932,-3.459368588558937e-05,-1.3094982694190822e-05
195,1.3596278772106785e-05,-0.0001387011402696688,0.0001799735881593432,-1.631421498673321e-05,4.545924677236766e-06,8.221641792982199e-05
196,-0.00014689499178115732,1.710631044582226e-05,0.00013741289132235493,-4.232970899704302e-05,2.0047697868953577e-05,-8.767334125367754e-05
197,-2.503243895371903e-05,4.769048364138049e-05,8.11667317481471e-05,5.25543270909943e-05,-7.215543376649034e-05,-0.00011914894280682814
198,4.3677225189409893e-05,0.00011512393030188116,-0.00017408867391787927,-8.760244733027404e-05,0.00010340115501224347,-2.4461856358529568e-05
199,-1.2775155474711936e-05,-4.423146446930358e-05,0.00011700030454294338,2.3238037051797157e-05,6.799959586876517e-05,6.892310767752623e-05
200,-4.272788584222392e-05,-5.436194763739871e-05,-0.0002073639012124409,-0.00014026742191526078,-1.346092410472192e-05,8.194934565286997e-06
201,6.790082617553857e-05,1.1246931624615552e-05,0.00014513340340552517,-2.895462380199102e-05,3.686124791332334e-05,6.930862803433e-05
202,5.928552369848947e-05,-0.00010852393387595749,0.00011948458639711672,1.3604617654668406e-05,6.715958902286554e-05,0.00017949663739645492
203,3.2059284545811812e-06,-8.289717726753443e-06,-0.0001270558147644284,-9.914260987467304e-05,9.124605794847714e-05,1.1040082405784823e-05
204,3.7360951519424296e-05,1.206145306396513e-05,0.00015609282468412514,-3.293501902722512e-05,-6.089885854204293e-05,1.919669052216877e-05
205,4.911872880034374e-05,-1.6129678415199202e-05,-0.00011748198212439144,4.1873047527456746e-05,8.56901101982956e-05,-9.472699119328552e-05
206,-5.082122720820563e-05,3.9123332117835496e-05,4.8894031112168265e-05,9.335523674492445e-07,3.7887758732698494e-05,0.00011712038225775376
207,3.497772473231476e-05,-1.637948453105456e-05,-0.00010438294761775868,-0.0001009430845257494,2.0127120085512368e-05,-5.910999417900689e-05
208,6.546291359727427e-05,-8.523283190278501e-06,-0.0001753476915035064,2.9638510183888927e-05,-0.00021341419434742177,0.00011952059532511345
209,2.8453257286583064e-05,-1.9769468053707283e-05,0.0002289301386095037,6.497966313461284e-05,1.0699208311735929e-05,-3.8617619249961814e-06
210,-1.5938513531326003e-05,-8.790794842140644e-05,3.7224977601347298e-06,-1.4190924145795225e-05,6.689970535842467e-05,-7.376087061244344e-05
211,-4.060776922991889e-06,-1.0581057441975034e-05,0.00010798254956070078,7.287586892692458e-06,-5.139628838342413e-05,-7.937440939874727e-05
212,2.359077640425239e-05,-4.077514268117784e-05,-9.81013801888052e-05,0.00014961445523184284,-0.000103965379641848,-9.766592938061604e-05
213,2.9834779700713583e-05,-8.479898614260739e-05,6.758947873432271e-05,-3.833519739374987e-05,-0.00012086218112808732,0.00014681413924856618
214,-3.19872646375448e-05,-0.00013169592192850536,3.053439151636239e-05,2.5730159855442745e-05,1.7179318256459387e-05,0.00014100327703888237
215,3.540183109837851e-05,5.260571372178421e-05,-7.812894702159105e-05,3.3882313547353336e-05,-8.305224189410267e-05,2.20897535268852e-05
216,-8.221020190343458e-06,-9.258251096543476e-05,0.0001530949876598753,-2.5253107639888173e-05,-3.9105512004760176e-08,0.00010296888595563972
217,6.684908863165415e-06,5.534560225687161e-05,-0.00023980065146125988,-6.439034404116513e-05,-8.8745153671968e-05,8.853456996253552e-05
218,9.08606601188168e-05,8.344159488608876e-05,-0.00016951886845250098,8.336347765559586e-06,-5.317489052018411e-06,2.2157409450101087e-05
219,4.502083887721354e-05,-3.828537361197714e-05,6.444929542974013e-05,-2.377962276585357e-05,-0.00011019228046164976,1.8920304122560382e-06
220,-4.5229297676204185e-05,1.3732756730171116e-05,-0.000145507384714129,9.266737091622804e-06,-0.0001341858028228528,6.069313314035086e-05
221,0.00010412557113658096,1.5984956827618562e-05,-6.262209933308231e-06,-5.576541481828461e-05,5.32441849909525e-05,-5.46429469094872e-05
222,8.054518926052538e-05,0.00012566382199859108,-1.8854080575913258e-07,1.230202124499476e-06,2.9651007997142473e-05,-7.069648737830136e-05
223,-5.831657015178695e-06,5.448808085812853e-06,3.4477399357419816e-05,-1.8113195206740445e-05,-2.1550965521161105e-05,-3.516275375517609e-05
224,7.216231945832881e-08,-4.0334949573634896e-05,7.10572015277334e-05,-1.0047495540228994e-05,-6.174691248370212e-05,-0.00012536237022271876
225,-1.7894891141787873e-05,1.0898739740646135e-06,7.61272337170333e-05,1.5405914310389513e-06,4.0449641637589074e-05,-1.3207693734951711e-06
226,-1.7394672254310317e-05,-5.287967369969465e-05,0.00015275193280871706,-4.9609746420870866e-06,5.251358257589112e-05,6.233758868036171e-07
227,4.1827102767806205e-05,-3.0692733479410886e-05,-0.0002257735921990087,5.655591426015206e-05,3.371569463842941e-06,7.905270833394222e-05
228,-2.3288965466973744e-05,-2.407583585936822e-05,-0.00012203737046308912,-8.231320871673008e-05,-0.000135974093452933,9.705254807083476e-05
229,8.152870984749976e-07,-8.824807863879883e-06,2.170568231528205e-05,2.1606298189933713e-05,-0.0001170064682380362,0.00013407794067461388
230,4.7257744965174176e-05,-5.3236583178116e-05,-0.0001366742085477268,3.2530916105802466e-05,2.051418565316391e-05,3.0149338145643134e-05
231,-1.8150266048502165e-05,-2.661928608345308e-06,9.097117526348314e-05,3.456355742711577e-05,-0.0001856930967059767,-0.0001688962973542912
232,-9.551470892468206e-06,-1.527881930299241e-05,-7.815789129696823e-05,1.1917206515677509e-05,-3.96899534802047e-05,-1.6970357347335508e-05
233,5.571281423486528e-05,0.00013193659806238171,9.246934079895462e-06,5.2608690722667886e-05,1.6850144733695055e-06,9.646150083369491e-06
234,-4.5398277481744574e-05,6.652127645409663e-05,0.00010649847686611052,-0.00016599980691995808,-6.39574278379863e-05,-0.0001105306189986897
235,-1.762364225670426e-05,3.957141096403272e-05,1.3238589643347482e-05,0.00010363846154040908,0.00015282699876823208,4.763257053591284e-05
236,0.00012758079609949126,0.00010244894935694355,0.000163510729357653,-4.007553417285524e-05,2.4309805187156737e-05,5.416163696561046e-05
237,-1.795076427276235e-05,4.71803228595885e-06,0.00018676751529874604,-8.818007874217156e-05,1.6076551143556764e-05,6.460801768977132e-05
238,3.248077060872515e-05,-4.977955898931802e-05,0.00010206312285964648,-3.4559268407386736e-05,0.00012713700167129154,-3.9716762479363e-05
239,5.400050335167244e-05,8.988790869444442e-06,-6.5237684387425e-05,-4.496006455592444e-05,-1.079822966668911e-05,3.9366018355842497e-05
240,-2.1437538006543472e-05,-4.881783928063209e-05,5.323423691829831e-05,8.240982022911193e-06,0.0003045777372866149,9.660456692871832e-05
241,4.3484859532344875e-08,1.3184591827969541e-06,2.248181776671287e-05,-0.00012113116242834642,-6.029766571712518e-05,-0.00016877855390980462
242,-2.533640301615165e-05,5.655179683046432e-05,-0.00035299245708952655,-3.069053094860819e-05,6.023629131888096e-05,-0.0001323919226513527
243,4.373306711420567e-05,-1.6104030947300617e-05,-8.60530614342161e-05,-0.00011748141258300857,1.750545370085897e-05,-2.916230055497231e-05
244,4.515698227320247e-05,-4.804458303999097e-05,-0.00011589361541766344,-4.523532032626594e-05,-1.5273605259648076e-05,0.00033142981410369093
245,-7.765162470937626e-06,0.0002790005976695516,7.866968216704459e-06,3.107636123806484e-05,0.0001113525445363119,6.672281443363913e-05
246,-3.664769492734344e-05,-8.378959227070827e-05,2.765791384450681e-05,4.9120672871500025e-05,-2.3362613172254593e-05,-5.18974454753248e-05
247,1.2690979460781788e-05,-1.9244322972927327e-05,0.00012618143578963648,-4.322885935044656e-05,0.00012280955365807355,0.0001463336700097973
248,5.561188040632288e-05,1.3852377253387487e-05,-0.00011011631344617936,-7.365599676647073e-07,-0.0003049733051537627,-4.594042755180674e-05
249,-7.395858763775282e-05,6.319719908663596e-05,-0.00010972084909742596,1.6294389199978195e-05,7.399538006503668e-05,2.904623159767821e-05
250,-0.00012745448828943448,1.2859901476752162e-05,9.875478526304515e-07,-1.1173856791731169e-05,-5.5133441449317695e-06,9.783649369659836e-05
251,-2.9484228656633603e-05,6.374178508040386e-05,0.0004497776080919316,-2.711459216060907e-05,0.00014236866053566244,1.567296563885438e-05
252,-5.148829061198924e-05,0.00015568320143097508,-0.0003565775358702286,-1.7285291804744174e-05,-0.00014741132408649122,-9.434430926621396e-05
253,-0.00012339269859749788,0.0002097358768161438,6.163555643064242e-07,-2.9386313839767328e-05,0.00010913134606870896,1.4799496462161153e-05
254,6.561550815856978e-05,-4.29051547408954e-05,-0.00018029219990935264,-6.184218990376569e-06,8.081897969292655e-05,-2.2684127981420886e-05
255,0.00010331934405965217,0.00020399200732466055,8.495155118189833e-05,-1.8487614088720054e-05,0.0001119234270095736,-6.301900873994292e-05
256,0.00012945667264028466,0.00015517024811693056,-0.00011736546388549946,-0.0001018382236629494,-2.5959996013192163e-05,-5.743907063353821e-06
257,4.8936844475184015e-05,1.303690571387618e-06,-5.172509166529213e-05,1.9974366187884545e-05,-7.166132433067306e-06,1.1439354124703796e-05
258,-5.0651030447893174e-06,-2.6813100021087803e-05,0.0003179135946155491,-6.0573778099626395e-06,-4.889667428204035e-05,-9.824968337767552e-05
259,7.138405974924958e-05,-7.878282237008658e-06,5.838385195335177e-05,-2.023179001619491e-05,1.589063328534778e-05,5.644052840439017e-05
260,2.7164385794408683e-05,-5.408684213618896e-05,2.34915168983708e-05,8.390929213782309e-05,0.00017175469111289736,2.044012582686105e-05
261,-2.5812378496753613e-06,0.00014649702124132927,0.00010447892617325828,-4.870353346390068e-05,-7.878107670081777e-05,3.3562654200889273e-07
262,-0.00014975626571926204,0.0002752426723708495,6.178372195044256e-05,-9.155833249725364e-05,-5.1476583275760664e-05,0.00014510943884385902
263,5.4320189666050343e-05,-4.5291386641829254e-05,8.557975215914922e-05,5.34537161286628e-05,-7.778532372081442e-05,1.1599773366954788e-05
264,-3.49988180677349e-05,-3.6003121581811094e-05,7.029096483977784e-06,9.799565494058553e-06,0.00010616409361061735,0.00013067477520580604
265,-0.00010250989064398672,0.0001531310523272457,-4.599865472749409e-05,-3.722057368127802e-05,5.464390273710446e-05,1.2204227526222371e-06
266,3.779985139132868e-05,-5.323050594711441e-05,0.00010192973926229186,-3.297250048503076e-05,-0.0001293513740465368,3.1690818485151396e-05
267,-1.956547855492563e-05,0.00022338418318496644,8.153459787732037e-05,-3.762221003864259e-05,-9.068759593248503e-05,-8.745894816101697e-06
268,-6.00385854713814e-05,-9.042792612271856e-05,8.616425155329467e-05,-3.555073970932392e-05,0.0001009559792916956,5.732771329953256e-05
269,2.2664654145978154e-05,6.59135649526638e-05,0.00012496163261107828,-0.0001470286278075083,-1.900536839909424e-05,0.0002544520897593169
270,0.00013888800449616095,-0.00014438314540016594,0.00022638412260082003,0.00013805663131373665,-6.939633621602175e-05,0.0001306098375464846
271,0.00010452823238024647,4.242852903565468e-05,-5.3416012545288896e-05,-5.0855260804627345e-05,-1.360484254387068e-05,8.480925984974733e-05
272,2.377929194973887e-05,2.219734934812131e-05,-7.35787079268206e-06,1.136503636883778e-05,-7.119248132513702e-05,4.0260821436159264e-05
273,2.052452747574127e-06,-0.00016928473466523117,-0.00033754380055891077,6.916911113163496e-05,-0.0001298605649484731,0.0002461551518467222
274,6.868491681499469e-05,-4.802638935211977e-05,-3.7228731534618705e-05,-1.4017289600933605e-06,6.115559076396679e-05,-1.8046834160612894e-05
275,2.3418808592193055e-05,-0.00012931229462861737,-0.00011371047108417545,8.508552157461721e-06,-3.928842677334571e-05,8.183208141103189e-05
276,3.7488760040133935e-05,0.00013569490573698217,-0.00010771705176816266,-7.377881013112248e-05,-3.4013593852670924e-05,-8.447428880025447e-05
277,9.588028328191348e-05,0.0002766405411239591,0.0001327435607951668,-0.00010811330096881852,-0.0003564617389767416,-8.527998057967685e-05
278,-5.636191806702089e-05,0.00017934485657299072,-0.0002998679681683367,0.00011164170149908604,7.465074865077204e-05,4.836214994767944e-05
279,-0.0001238480033305983,0.00022047982122139244,-0.00023393809623640645,-7.967416079790155e-05,6.699156313549643e-05,-3.760205793906183e-05
280,9.424559785530534e-05,-2.3683173978959843e-05,0.0002198426227074786,2.0798045513484257e-05,-1.4845049332733502e-05,-3.1672974613501934e-05
281,3.587705658569872e-05,8.664718268638849e-05,0.0002506222469409372,-8.155426122334884e-06,3.966096209615163e-05,-0.00017552960911031276
282,-8.453814645201285e-06,7.127461089482562e-05,-0.00012981882774992746,6.585911191309848e-05,-0.0002261867111345132,3.246432311004052e-05
283,-4.51884861934284e-05,-3.7176535367878106e-05,0.00017368744184824498,9.666119507319092e-05,-8.211576131960696e-05,-8.9056375909965e-05
284,-1.4008352604203416e-05,-1.6519337399694635e-05,9.80690546801701e-06,1.3853645896518406e-05,-0.0004265666394889344,-9.948282428660263e-06
285,8.742875777161646e-06,4.846107548828946e-05,-5.880074783745602e-05,2.3837226102589273e-05,-1.9385069702386588e-05,9.557886841303312e-05
286,6.3576122717033025e-06,0.00032284689458576647,-7.874642429629822e-05,-0.0002106404006006046,2.5451930710703545e-05,-5.045130763458919e-05
287,6.11832383524603e-05,0.00014366859736967972,0.00011180016049026868,6.339431581151521e-05,-0.0001365386522326717,3.134599775751943e-05
288,-1.7285833259189656e-05,-6.380230126392733e-05,0.00014307916525928006,-5.538462195239601e-05,-3.205139577814768e-06,9.697705966767212e-05
289,4.796330518280703e-05,-0.00013491173643450608,0.00015023513914082365,-4.0896234656678775e-05,-0.0002160122059739409,-1.6961397425654597e-05
290,-0.0001243687270766435,-2.9441570517605535e-05,-2.049383742945017e-05,-5.462765978675899e-05,-2.621026920593201e-05,-5.9611607615309584e-05
291,0.0001302725375173486,-2.069038056297313e-06,0.00015021987961966684,0.00011989486053579884,-3.433637944661217e-05,-0.00018761769723914503
292,-3.6984181568578454e-05,-0.00011817441371197174,3.6693657121756405e-05,1.1646078931031533e-05,-0.00010267576725950326,-5.686272564145024e-05
293,-7.257327096790184e-05,1.1575010872145911e-05,-0.00035319080447343136,5.338519943226591e-05,2.695500230231574e-06,0.00016233173212721957
294,-9.171356223181545e-06,1.3227531577812297e-05,0.00018683405056895764,4.815698876808042e-06,-0.00013507469965347074,-0.00012715859985960206
295,-2.8836074200583408e-05,-0.00015860110824183723,-0.0002563222827600799,7.613361638150158e-05,-1.8822896580120515e-07,-0.0001474274804728608
296,-4.271459405373447e-05,1.491415572322095e-05,-0.0002265885763815395,-3.530087430689186e-05,7.981786855851795e-05,7.809719733359075e-06
297,4.653440234756112e-05,-2.68837003542318e-05,6.782968585115207e-05,-3.0087511154639752e-05,6.551975510786608e-05,0.0002666017024515126
298,4.1621237491539726e-05,3.104623554601952e-05,-3.1811649887984394e-05,8.709559492629596e-05,-8.076777461401436e-06,-0.00010197842271259952
299,-5.1977857210509776e-05,0.00013050132886897425,0.0001780321680095684,-0.00015138882340325408,1.2002225126455316e-05,0.0002206931317826222
300,0.00012386186013128752,-0.00012669773050437698,0.00022516420924392284,-0.0002131153170839532,-9.849645992406584e-06,5.610007810176302e-06
